needle
0.9246094551600288 0.38057610643318124 -0.01609915034782635 0.05402654568505339
0.3797695595940473 -0.924279107763289 -0.03851249873909528 -0.35077227884081524
-0.029537045138357615 0.029495053238557778 -0.9991284225764154 0.7559580818056167
0.0 0.0 0.0 1.0
cam_frame
-0.9999999999697327 5.960121487339674e-06 -5.001141588963235e-06 -1.396e-06
-7.780389793365484e-06 -0.7660440730413802 0.6427880506805007 0.963076055
-8.470329472543003e-22 0.642788050699956 0.7660440730645662 1.6712601185
0.0 0.0 0.0 1.0
camL
0.03996304120219152 -0.9992011585773652 5.9601214872286545e-06 -0.005978864471772257
0.6422747474617841 0.025683203286854025 -0.7660440730413806 0.7373219190339848
0.7654319722292593 0.030617278889170336 0.642788050699956 1.3399882755293198
0.0 0.0 0.0 1.0
camR
-0.0399730354931323 -0.9992007588057272 5.960121487450693e-06 -0.019998895428600175
0.6422741255279489 -0.025698751632735543 -0.7660440730413798 0.6416818740519539
0.7654319722292586 -0.030617278889170336 0.6427880506999561 1.2882380819677168
0.0 0.0 0.0 1.0
