needle
-0.9137620667254136 0.40437817133076537 0.03895099441004304 0.031448098276492406
0.40517458722475996 0.9141161484935884 0.015007362564349326 0.7270409073230844
-0.029537083159824944 0.02949511171497106 -0.9991284197259006 0.7606062072456744
0.0 0.0 0.0 1.0
cam_frame
-0.9999999999697327 5.960121487339674e-06 -5.001141588963235e-06 -1.396e-06
-7.780389793365484e-06 -0.7660440730413802 0.6427880506805007 0.963076055
-8.470329472543003e-22 0.642788050699956 0.7660440730645662 1.6712601185
0.0 0.0 0.0 1.0
camL
0.03996304120219152 -0.9992011585773652 5.9601214872286545e-06 0.0020137437686660203
0.6422747474617841 0.025683203286854025 -0.7660440730413806 0.8657768685263415
0.7654319722292593 0.030617278889170336 0.642788050699956 1.4930746699751716
0.0 0.0 0.0 1.0
camR
-0.0399730354931323 -0.9992007588057272 5.960121487450693e-06 -0.019998895428600175
0.6422741255279489 -0.025698751632735543 -0.7660440730413798 0.6416818740519539
0.7654319722292586 -0.030617278889170336 0.6427880506999561 1.2882380819677168
0.0 0.0 0.0 1.0
