needle
-0.45969130476415304 0.887145527138866 -0.04070280090772908 0.2755010298571873
-0.8875722364337957 -0.46049407971283424 -0.012677841351758475 -0.4153328105986241
-0.029990489094728102 0.030298782598209836 0.9990908639042424 0.7117253373775164
0.0 0.0 0.0 1.0
cam_frame
-0.9999999999697327 5.960121487339674e-06 -5.001141588963235e-06 -1.396e-06
-7.780389793365484e-06 -0.7660440730413802 0.6427880506805007 0.963076055
-8.470329472543003e-22 0.642788050699956 0.7660440730645662 1.6712601185
0.0 0.0 0.0 1.0
camL
0.03996304120219152 -0.999201158577365 5.960121487339673e-06 0.010008616174696498
0.6422747474617843 0.025683203286853938 -0.7660440730413801 0.7032225431437247
0.765431972229259 0.03061727888917041 0.6427880506999563 1.2371212107006122
0.0 0.0 0.0 1.0
camR
-0.0399730354931323 -0.9992007588057272 5.960121487450693e-06 -0.019998895428600175
0.6422741255279489 -0.025698751632735543 -0.7660440730413798 0.6416818740519539
0.7654319722292586 -0.030617278889170336 0.6427880506999561 1.2882380819677168
0.0 0.0 0.0 1.0
