needle
-0.992848177215591 -0.11645736242636387 -0.02627127207356142 -0.19826814215000124
0.11555551900354599 -0.9927334513315267 0.033574047048376174 -0.14335765365656636
-0.029990315561688866 0.03029814093438717 0.9990908885724163 0.7117253436525024
0.0 0.0 0.0 1.0
cam_frame
-0.9999999999697327 5.960121487339674e-06 -5.001141588963235e-06 -1.396e-06
-7.780389793365484e-06 -0.7660440730413802 0.6427880506805007 0.963076055
-8.470329472543003e-22 0.642788050699956 0.7660440730645662 1.6712601185
0.0 0.0 0.0 1.0
camL
0.03996304120219152 -0.999201158577365 5.960121487339673e-06 0.010008616174696498
0.6422747474617843 0.025683203286853938 -0.7660440730413801 0.7032225431437247
0.765431972229259 0.03061727888917041 0.6427880506999563 1.2371212107006122
0.0 0.0 0.0 1.0
camR
-0.0399730354931323 -0.9992007588057272 5.960121487450693e-06 -0.019998895428600175
0.6422741255279489 -0.025698751632735543 -0.7660440730413798 0.6416818740519539
0.7654319722292586 -0.030617278889170336 0.6427880506999561 1.2882380819677168
0.0 0.0 0.0 1.0
