needle
-0.8587790931605415 -0.5122436389561129 -0.010243217236761798 -0.11342847177027802
0.5114676663130684 -0.8583056295959436 0.04137961479009577 0.13196425975190618
-0.029988255478167677 0.030296873649146593 0.9990909888395881 0.7559164305044688
0.0 0.0 0.0 1.0
cam_frame
-0.9999999999697327 5.960121487339674e-06 -5.001141588963235e-06 -1.396e-06
-7.780389793365484e-06 -0.7660440730413802 0.6427880506805007 0.963076055
-8.470329472543003e-22 0.642788050699956 0.7660440730645662 1.6712601185
0.0 0.0 0.0 1.0
camL
0.03996304120219152 -0.9992011585773652 5.9601214872286545e-06 -0.005978864471772257
0.6422747474617841 0.025683203286854025 -0.7660440730413806 0.7373219190339848
0.7654319722292593 0.030617278889170336 0.642788050699956 1.3399882755293198
0.0 0.0 0.0 1.0
camR
-0.0399730354931323 -0.9992007588057272 5.960121487450693e-06 -0.019998895428600175
0.6422741255279489 -0.025698751632735543 -0.7660440730413798 0.6416818740519539
0.7654319722292586 -0.030617278889170336 0.6427880506999561 1.2882380819677168
0.0 0.0 0.0 1.0
