needle
0.9985912726394471 -0.043206271781997055 -0.030800783855681288 0.2553748377830165
-0.04407716290317773 -0.9986306093272138 -0.02817995429838538 -0.00011839222521176085
-0.029541054785347888 0.029497867593311897 -0.9991282209449953 0.7117668141002149
0.0 0.0 0.0 1.0
cam_frame
-0.9999999999697327 5.960121487339674e-06 -5.001141588963235e-06 -1.396e-06
-7.780389793365484e-06 -0.7660440730413802 0.6427880506805007 0.963076055
-8.470329472543003e-22 0.642788050699956 0.7660440730645662 1.6712601185
0.0 0.0 0.0 1.0
camL
0.03996304120219152 -0.999201158577365 5.960121487339673e-06 0.020001104570189134
0.6422747474617843 0.025683203286853938 -0.7660440730413801 0.6416821852675456
0.765431972229259 0.03061727888917041 0.6427880506999563 1.2882380819677168
0.0 0.0 0.0 1.0
camR
-0.0399730354931323 -0.9992007588057272 5.960121487450693e-06 0.06793129556476547
0.6422741255279489 -0.025698751632735543 -0.7660440730413798 0.5765664749202932
0.7654319722292586 -0.030617278889170336 0.6427880506999561 1.0861780257770022
0.0 0.0 0.0 1.0
