needle
-0.8101222477961859 0.5817320960100805 0.0727304069671907 0.029756428667269866
0.5839989294405248 0.8116498230908059 0.013031311876561123 0.7189576112071924
-0.051450889576523516 0.05303143547577953 -0.9972665003966604 0.7210515967890712
0.0 0.0 0.0 1.0
cam_frame
-0.9999999999697327 5.960121487339674e-06 -5.001141588963235e-06 -1.396e-06
-7.780389793365484e-06 -0.7660440730413802 0.6427880506805007 0.963076055
-8.470329472543003e-22 0.642788050699956 0.7660440730645662 1.6712601185
0.0 0.0 0.0 1.0
camL
0.03996304120219163 -0.9992011585773654 5.960121487117632e-06 0.03998262517128486
0.6422747474617844 0.025683203286854177 -0.7660440730413806 0.9628195589984376
0.7654319722292593 0.030617278889170353 0.6427880506999564 1.6709540680823465
0.0 0.0 0.0 1.0
camR
-0.039973035493132414 -0.9992007588057276 5.960121487339674e-06 -0.0399854131751663
0.6422741255279488 -0.02569875163273553 -0.7660440730413802 0.9628189368159282
0.7654319722292592 -0.030617278889170495 0.642788050699956 1.6709540680823465
0.0 0.0 0.0 1.0
