needle
-0.915404157984713 0.4007043518265644 0.03835687646323141 -0.28554183365637126
0.40121385488200123 0.915962567389034 0.006325961846062855 0.6604086025174035
-0.0325986226010717 0.021180122044179454 -0.9992440804103723 0.712640377348527
0.0 0.0 0.0 1.0
cam_frame
-0.9999999999697327 5.960121487339674e-06 -5.001141588963235e-06 -1.396e-06
-7.780389793365484e-06 -0.7660440730413802 0.6427880506805007 0.963076055
-8.470329472543003e-22 0.642788050699956 0.7660440730645662 1.6712601185
0.0 0.0 0.0 1.0
camL
0.03996304120219152 -0.9992011585773652 5.9601214872286545e-06 0.03798459197331866
0.6422747474617841 0.025683203286854025 -0.7660440730413806 0.9154286766048964
0.7654319722292593 0.030617278889170336 0.642788050699956 1.3188885739916858
0.0 0.0 0.0 1.0
camR
0.03144122334853166 0.9994759517213865 -0.007924225053336936 0.17811389560095922
-0.5858118725358386 0.02485082729031322 0.810068150414989 0.19133510369317375
0.8098391330431752 -0.020827391851482687 0.5862851868146275 1.1578704689092545
0.0 0.0 0.0 1.0
