needle
0.3573046483522843 -0.9331724965655359 0.0390189687138905 -0.09295213059344404
0.9335064284594534 0.3581499214629959 0.017157557545449443 0.7337488884604916
-0.02998560139010088 0.030293983060914183 0.9990911561512188 0.7157038449175418
0.0 0.0 0.0 1.0
cam_frame
-0.9999999999697327 5.960121487339674e-06 -5.001141588963235e-06 -1.396e-06
-7.780389793365484e-06 -0.7660440730413802 0.6427880506805007 0.963076055
-8.470329472543003e-22 0.642788050699956 0.7660440730645662 1.6712601185
0.0 0.0 0.0 1.0
camL
0.039963041202191574 -0.999201158577365 5.960121487284162e-06 -0.08991227449883368
0.6422747474617843 0.025683203286854018 -0.7660440730413801 0.8053765929677892
0.765431972229259 0.03061727888917042 0.6427880506999561 1.1566204919985346
0.0 0.0 0.0 1.0
camR
-0.0399730354931323 -0.9992007588057272 5.960121487450693e-06 0.03995249448637986
0.6422741255279489 -0.025698751632735543 -0.7660440730413798 0.7274886471844696
0.7654319722292586 -0.030617278889170336 0.6427880506999561 1.219368433124072
0.0 0.0 0.0 1.0
