needle
0.9644452293674994 -0.2616963257013227 0.036884043497135935 -0.006449718162957446
0.2625759115171911 0.9646746265240338 -0.021371842027123354 0.7206640524610525
-0.02998816835332853 0.03029683242755514 0.9990909927047031 0.7117255115797951
0.0 0.0 0.0 1.0
cam_frame
-0.9999999999697327 5.960121487339674e-06 -5.001141588963235e-06 -1.396e-06
-7.780389793365484e-06 -0.7660440730413802 0.6427880506805007 0.963076055
-8.470329472543003e-22 0.642788050699956 0.7660440730645662 1.6712601185
0.0 0.0 0.0 1.0
camL
0.03996304120219163 -0.9992011585773654 5.960121487117632e-06 0.04997338513154617
0.6422747474617844 0.025683203286854177 -0.7660440730413806 1.123431982304259
0.7654319722292593 0.030617278889170353 0.6427880506999564 1.5356624046464638
0.0 0.0 0.0 1.0
camR
-0.039973035493132525 -0.9992007588057277 5.960121487117631e-06 -0.012007863722294544
0.6422741255279489 -0.025698751632735432 -0.7660440730413804 0.9727660198904399
0.7654319722292592 -0.03061727888917072 0.6427880506999561 1.4027781700882846
0.0 0.0 0.0 1.0
