needle
0.13501471581217672 0.9905028275595702 -0.02598413190109527 -0.2259870666793986
-0.9903896856947563 0.13411276542407935 -0.033794032309679985 0.25438528336495136
-0.029988280770977566 0.030297107895015798 0.9990909809770073 0.7150753863156454
0.0 0.0 0.0 1.0
cam_frame
-0.9999999999697327 5.960121487339674e-06 -5.001141588963235e-06 -1.396e-06
-7.780389793365484e-06 -0.7660440730413802 0.6427880506805007 0.963076055
-8.470329472543003e-22 0.642788050699956 0.7660440730645662 1.6712601185
0.0 0.0 0.0 1.0
camL
0.03996304120219152 -0.999201158577365 5.960121487339673e-06 -0.07992032251427562
0.6422747474617843 0.025683203286853938 -0.7660440730413801 0.8127802016653336
0.765431972229259 0.03061727888917041 0.6427880506999563 1.1498864387026422
0.0 0.0 0.0 1.0
camR
-0.0399730354931323 -0.9992007588057272 5.960121487450693e-06 -0.019998895428600175
0.6422741255279489 -0.025698751632735543 -0.7660440730413798 0.6416818740519539
0.7654319722292586 -0.030617278889170336 0.6427880506999561 1.2882380819677168
0.0 0.0 0.0 1.0
