needle
-0.9557511436158254 0.2917716634296701 -0.03753728674974745 -0.19485570531584007
-0.2926437740148594 -0.9560079603180317 0.020208942053062246 0.01590414644385815
-0.029989548302523244 0.03029977273920414 0.9990908621164396 0.7117251943230107
0.0 0.0 0.0 1.0
cam_frame
-0.9999999999697327 5.960121487339674e-06 -5.001141588963235e-06 -1.396e-06
-7.780389793365484e-06 -0.7660440730413802 0.6427880506805007 0.963076055
-8.470329472543003e-22 0.642788050699956 0.7660440730645662 1.6712601185
0.0 0.0 0.0 1.0
camL
0.03996304120219152 -0.999201158577365 5.960121487339673e-06 0.010008616174696498
0.6422747474617843 0.025683203286853938 -0.7660440730413801 0.7032225431437247
0.765431972229259 0.03061727888917041 0.6427880506999563 1.2371212107006122
0.0 0.0 0.0 1.0
camR
-0.0399730354931323 -0.9992007588057272 5.960121487450693e-06 -0.019998895428600175
0.6422741255279489 -0.025698751632735543 -0.7660440730413798 0.6416818740519539
0.7654319722292586 -0.030617278889170336 0.6427880506999561 1.2882380819677168
0.0 0.0 0.0 1.0
