needle
0.5497345755387109 -0.8345542246274309 -0.03620970287327526 0.14229655947003225
-0.8347161456334047 -0.5504822377866461 0.014773695160962198 0.09804443132764853
-0.03226224797771885 0.02210321257881063 -0.9992350050501182 0.761382616531589
0.0 0.0 0.0 1.0
cam_frame
-0.9999999999697327 5.960121487339674e-06 -5.001141588963235e-06 -1.396e-06
-7.780389793365484e-06 -0.7660440730413802 0.6427880506805007 0.963076055
-8.470329472543003e-22 0.642788050699956 0.7660440730645662 1.6712601185
0.0 0.0 0.0 1.0
camL
0.03996304120219152 -0.9992011585773652 5.9601214872286545e-06 0.0020137437686660203
0.6422747474617841 0.025683203286854025 -0.7660440730413806 0.8657768685263415
0.7654319722292593 0.030617278889170336 0.642788050699956 1.4930746699751716
0.0 0.0 0.0 1.0
camR
-0.0399730354931323 -0.9992007588057272 5.960121487450693e-06 -0.019998895428600175
0.6422741255279489 -0.025698751632735543 -0.7660440730413798 0.6416818740519539
0.7654319722292586 -0.030617278889170336 0.6427880506999561 1.2882380819677168
0.0 0.0 0.0 1.0
