needle
-0.9886043897544661 -0.1484729106638444 0.024842611716652134 0.14987192937001717
-0.14761077310845436 0.9884765240642713 0.03354431450840438 0.5850457032473653
-0.02953676048964532 0.029495019452789276 -0.9991284319880779 0.7157452256230281
0.0 0.0 0.0 1.0
cam_frame
-0.9999999999697327 5.960121487339674e-06 -5.001141588963235e-06 -1.396e-06
-7.780389793365484e-06 -0.7660440730413802 0.6427880506805007 0.963076055
-8.470329472543003e-22 0.642788050699956 0.7660440730645662 1.6712601185
0.0 0.0 0.0 1.0
camL
0.039963041202191574 -0.999201158577365 5.960121487284162e-06 -0.08991227449883368
0.6422747474617843 0.025683203286854018 -0.7660440730413801 0.8053765929677892
0.765431972229259 0.03061727888917042 0.6427880506999561 1.1566204919985346
0.0 0.0 0.0 1.0
camR
-0.0399730354931323 -0.9992007588057272 5.960121487450693e-06 0.03995249448637986
0.6422741255279489 -0.025698751632735543 -0.7660440730413798 0.7274886471844696
0.7654319722292586 -0.030617278889170336 0.6427880506999561 1.219368433124072
0.0 0.0 0.0 1.0
