needle
0.18474048621959932 0.9791025374388936 -0.08502454899654487 -0.1908159812321185
-0.9803836149071167 0.17755059175840854 -0.08557894009564124 0.25183322729411917
-0.06869439841064508 0.09916656970450663 0.992696867669099 0.70814073335144
0.0 0.0 0.0 1.0
cam_frame
-0.9999999999697327 5.960121487339674e-06 -5.001141588963235e-06 -1.396e-06
-7.780389793365484e-06 -0.7660440730413802 0.6427880506805007 0.963076055
-8.470329472543003e-22 0.642788050699956 0.7660440730645662 1.6712601185
0.0 0.0 0.0 1.0
camL
0.03996304120219152 -0.999201158577365 5.960121487339673e-06 0.020001104570189134
0.6422747474617843 0.025683203286853938 -0.7660440730413801 0.6416821852675456
0.765431972229259 0.03061727888917041 0.6427880506999563 1.2882380819677168
0.0 0.0 0.0 1.0
camR
-0.0399730354931323 -0.9992007588057272 5.960121487450693e-06 0.06393399201545225
0.6422741255279489 -0.025698751632735543 -0.7660440730413798 0.6407938874730881
0.7654319722292586 -0.030617278889170336 0.6427880506999561 1.1627212229999282
0.0 0.0 0.0 1.0
