needle
-0.8969410634030838 -0.2098451862164155 0.38918084048825397 -0.10051452290318787
-0.18842325130462073 0.9776834714758884 0.09290698558586326 -0.1314256761287211
-0.3999917588515314 0.010001371138697354 -0.9164641648347223 0.744472369083493
0.0 0.0 0.0 1.0
cam_frame
-0.9999999999697327 5.960121487339674e-06 -5.001141588963235e-06 -1.396e-06
-7.780389793365484e-06 -0.7660440730413802 0.6427880506805007 0.963076055
-8.470329472543003e-22 0.642788050699956 0.7660440730645662 1.6712601185
0.0 0.0 0.0 1.0
camL
0.03996304120219152 -0.999201158577365 5.960121487339673e-06 0.020001104570189134
0.6422747474617843 0.025683203286853938 -0.7660440730413801 0.6416821852675456
0.765431972229259 0.03061727888917041 0.6427880506999563 1.2882380819677168
0.0 0.0 0.0 1.0
camR
-0.0399730354931323 -0.9992007588057272 5.960121487450693e-06 -0.019998895428600175
0.6422741255279489 -0.025698751632735543 -0.7660440730413798 0.6416818740519539
0.7654319722292586 -0.030617278889170336 0.6427880506999561 1.2882380819677168
0.0 0.0 0.0 1.0
