needle
0.995092763185776 -0.09338673038918655 0.03270032480747842 -0.14236326320083348
0.09429256303664355 0.9951688337868001 -0.027347848460176873 0.030654864814557523
-0.029988417952233004 0.03029704352965115 0.9990909788112816 0.7117255054888355
0.0 0.0 0.0 1.0
cam_frame
-0.9999999999697327 5.960121487339674e-06 -5.001141588963235e-06 -1.396e-06
-7.780389793365484e-06 -0.7660440730413802 0.6427880506805007 0.963076055
-8.470329472543003e-22 0.642788050699956 0.7660440730645662 1.6712601185
0.0 0.0 0.0 1.0
camL
0.03996304120219152 -0.9992011585773652 5.9601214872286545e-06 0.014004920294915645
0.6422747474617841 0.025683203286854025 -0.7660440730413806 0.767450017889903
0.7654319722292593 0.030617278889170336 0.642788050699956 1.313664407923538
0.0 0.0 0.0 1.0
camR
-0.0399730354931323 -0.9992007588057272 5.960121487450693e-06 -0.019998895428600175
0.6422741255279489 -0.025698751632735543 -0.7660440730413798 0.6416818740519539
0.7654319722292586 -0.030617278889170336 0.6427880506999561 1.2882380819677168
0.0 0.0 0.0 1.0
