needle
0.701274439462312 -0.7116156903846378 0.04262944704327698 -0.14583358377475164
0.7122603428634624 0.7019153760116736 9.43526038961525e-05 0.7096870927272242
-0.02998940714391264 0.03029709749771519 0.9990909474829459 0.721738971079794
0.0 0.0 0.0 1.0
cam_frame
-0.9999999999697327 5.960121487339674e-06 -5.001141588963235e-06 -1.396e-06
-7.780389793365484e-06 -0.7660440730413802 0.6427880506805007 0.963076055
-8.470329472543003e-22 0.642788050699956 0.7660440730645662 1.6712601185
0.0 0.0 0.0 1.0
camL
0.03996304120219163 -0.9992011585773654 5.960121487117632e-06 0.03998262517128486
0.6422747474617844 0.025683203286854177 -0.7660440730413806 0.9628195589984376
0.7654319722292593 0.030617278889170353 0.6427880506999564 1.6709540680823465
0.0 0.0 0.0 1.0
camR
-0.039973035493132414 -0.9992007588057276 5.960121487339674e-06 -0.0399854131751663
0.6422741255279488 -0.02569875163273553 -0.7660440730413802 0.9628189368159282
0.7654319722292592 -0.030617278889170495 0.642788050699956 1.6709540680823465
0.0 0.0 0.0 1.0
