needle
0.5170545957847726 -0.8554379743496272 0.029671821959791837 -0.054303592043636655
-0.8541468401420307 -0.5134033733735089 0.08276564313800377 0.3974468517596661
-0.05556726062342384 -0.06813844912580169 -0.996127216422431 0.7259666390994263
0.0 0.0 0.0 1.0
cam_frame
-0.9999999999697327 5.960121487339674e-06 -5.001141588963235e-06 -1.396e-06
-7.780389793365484e-06 -0.7660440730413802 0.6427880506805007 0.963076055
-8.470329472543003e-22 0.642788050699956 0.7660440730645662 1.6712601185
0.0 0.0 0.0 1.0
camL
0.039963041202191574 -0.999201158577365 5.960121487284162e-06 -0.03995233577239495
0.6422747474617843 0.025683203286854018 -0.7660440730413801 0.8194133142642741
0.765431972229259 0.03061727888917042 0.6427880506999561 1.1422338670400771
0.0 0.0 0.0 1.0
camR
-0.0399730354931323 -0.9992007588057272 5.960121487450693e-06 -0.019998895428600175
0.6422741255279489 -0.025698751632735543 -0.7660440730413798 0.6416818740519539
0.7654319722292586 -0.030617278889170336 0.6427880506999561 1.2882380819677168
0.0 0.0 0.0 1.0
