needle
0.7966521315009215 -0.6029632273313219 0.04219867132073187 -0.09959765665599672
0.6036936155220702 0.797193429674704 -0.006054276288196015 0.6072897699131116
-0.02998999754800364 0.030298220569526968 0.9990908957033845 0.7117253905134604
0.0 0.0 0.0 1.0
cam_frame
-0.9999999999697327 5.960121487339674e-06 -5.001141588963235e-06 -1.396e-06
-7.780389793365484e-06 -0.7660440730413802 0.6427880506805007 0.963076055
-8.470329472543003e-22 0.642788050699956 0.7660440730645662 1.6712601185
0.0 0.0 0.0 1.0
camL
0.03996304120219152 -0.999201158577365 5.960121487339673e-06 0.07995216086417814
0.6422747474617843 0.025683203286853938 -0.7660440730413801 0.770368685487369
0.765431972229259 0.03061727888917041 0.6427880506999563 1.1771270766153743
0.0 0.0 0.0 1.0
camR
-0.0399730354931323 -0.9992007588057272 5.960121487450693e-06 -0.019998895428600175
0.6422741255279489 -0.025698751632735543 -0.7660440730413798 0.6416818740519539
0.7654319722292586 -0.030617278889170336 0.6427880506999561 1.2882380819677168
0.0 0.0 0.0 1.0
