needle
-0.8800884834818686 0.47305650117974035 -0.040765278536578006 -0.2587436965128245
-0.47386155281598624 -0.8805109479940796 0.012477949566630335 0.5273604435957316
-0.02999149888559764 0.030298797899378012 0.9990908331280223 0.7117252405128965
0.0 0.0 0.0 1.0
cam_frame
-0.9999999999697327 5.960121487339674e-06 -5.001141588963235e-06 -1.396e-06
-7.780389793365484e-06 -0.7660440730413802 0.6427880506805007 0.963076055
-8.470329472543003e-22 0.642788050699956 0.7660440730645662 1.6712601185
0.0 0.0 0.0 1.0
camL
0.03996304120219152 -0.999201158577365 5.960121487339673e-06 0.020001104570189134
0.6422747474617843 0.025683203286853938 -0.7660440730413801 0.6416821852675456
0.765431972229259 0.03061727888917041 0.6427880506999563 1.2882380819677168
0.0 0.0 0.0 1.0
camR
-0.0399730354931323 -0.9992007588057272 5.960121487450693e-06 0.06393399201545225
0.6422741255279489 -0.025698751632735543 -0.7660440730413798 0.6407938874730881
0.7654319722292586 -0.030617278889170336 0.6427880506999561 1.1627212229999282
0.0 0.0 0.0 1.0
