needle
0.22095837068699808 0.9752832400847739 5.752619447345342e-06 0.15789146040633018
-0.9745122716414946 0.22078393597789148 -0.03975281165206428 0.08864209702450193
-0.03877152103646877 0.00877811049462171 0.9992095445564274 0.7140286545176394
0.0 0.0 0.0 1.0
cam_frame
-0.9999999999697327 5.960121487339674e-06 -5.001141588963235e-06 -1.396e-06
-7.780389793365484e-06 -0.7660440730413802 0.6427880506805007 0.963076055
-8.470329472543003e-22 0.642788050699956 0.7660440730645662 1.6712601185
0.0 0.0 0.0 1.0
camL
0.03996304120219152 -0.9992011585773652 5.9601214872286545e-06 0.014004920294915645
0.6422747474617841 0.025683203286854025 -0.7660440730413806 0.767450017889903
0.7654319722292593 0.030617278889170336 0.642788050699956 1.313664407923538
0.0 0.0 0.0 1.0
camR
-0.0399730354931323 -0.9992007588057272 5.960121487450693e-06 -0.019998895428600175
0.6422741255279489 -0.025698751632735543 -0.7660440730413798 0.6416818740519539
0.7654319722292586 -0.030617278889170336 0.6427880506999561 1.2882380819677168
0.0 0.0 0.0 1.0
