needle
-0.7109028923690629 0.7019970575479525 -0.04262873227435096 0.09713660020070122
-0.702650423333426 -0.7115350636876412 0.0004855227930944221 0.1143451170176307
-0.029991002161628953 0.030298256336661895 0.9990908644624372 0.7117252906984656
0.0 0.0 0.0 1.0
cam_frame
-0.9999999999697327 5.960121487339674e-06 -5.001141588963235e-06 -1.396e-06
-7.780389793365484e-06 -0.7660440730413802 0.6427880506805007 0.963076055
-8.470329472543003e-22 0.642788050699956 0.7660440730645662 1.6712601185
0.0 0.0 0.0 1.0
camL
0.03996304120219152 -0.9992011585773652 5.9601214872286545e-06 0.014004920294915645
0.6422747474617841 0.025683203286854025 -0.7660440730413806 0.767450017889903
0.7654319722292593 0.030617278889170336 0.642788050699956 1.313664407923538
0.0 0.0 0.0 1.0
camR
-0.0399730354931323 -0.9992007588057272 5.960121487450693e-06 -0.019998895428600175
0.6422741255279489 -0.025698751632735543 -0.7660440730413798 0.6416818740519539
0.7654319722292586 -0.030617278889170336 0.6427880506999561 1.2882380819677168
0.0 0.0 0.0 1.0
