needle
-0.010404546949006646 -0.9998682421235954 0.012459686825798207 -0.3160634073804218
-0.9999174050654152 0.010497462730956161 0.007415276380449561 -0.079794417422108
-0.00754509445747264 -0.012381505127537532 -0.9998948794152036 0.8386298351294142
0.0 0.0 0.0 1.0
cam_frame
-0.9999999999697327 5.960121487339674e-06 -5.001141588963235e-06 -1.396e-06
-7.780389793365484e-06 -0.7660440730413802 0.6427880506805007 0.963076055
-8.470329472543003e-22 0.642788050699956 0.7660440730645662 1.6712601185
0.0 0.0 0.0 1.0
camL
0.03996304120219152 -0.999201158577365 5.960121487339673e-06 0.020001104570189134
0.6422747474617843 0.025683203286853938 -0.7660440730413801 0.6416821852675456
0.765431972229259 0.03061727888917041 0.6427880506999563 1.2882380819677168
0.0 0.0 0.0 1.0
camR
-8.361727033797752e-07 -0.9999623386192397 0.00867878692221534 -0.24972872787681297
0.642420364280265 -0.0066515467633288606 -0.7663235821007119 0.7389488663912164
0.7663524486535631 0.005574788677219067 0.6423961754041596 1.5258590340421918
0.0 0.0 0.0 1.0
